     0/299     2.43G   0.08407   0.04398   0.01195      0.14        61       640    0.3255    0.8384    0.6533    0.2733   0.05879   0.05273  0.004229
     1/299     4.32G   0.05959   0.03543   0.00302   0.09805        83       640    0.4172    0.9064    0.8465    0.4139   0.04854   0.05037  0.002285
     2/299     4.32G   0.05513   0.03429  0.002311   0.09174         1       640    0.4786    0.8879    0.8465    0.4342   0.04617   0.05065  0.002312
     3/299     4.32G   0.05086   0.03388  0.002043   0.08678         5       640    0.5287    0.9024    0.8787    0.4746   0.04389   0.04936  0.001747
     4/299     4.32G   0.04818   0.03321  0.001596   0.08299         2       640    0.5502    0.9162     0.891    0.4937   0.04135   0.04835  0.001874
     5/299     4.32G   0.04698   0.03242  0.001703    0.0811         2       640    0.5921    0.9137       0.9     0.509   0.04097   0.04842  0.001425
     6/299     4.32G   0.04585   0.03201  0.001318   0.07917        11       640    0.5418    0.9204    0.8998    0.5013   0.04097   0.04827  0.002223
     7/299     4.32G   0.04518   0.03163   0.00108   0.07789        24       640    0.6174    0.9225    0.9092    0.5257    0.0399   0.04734  0.001278
     8/299     4.32G    0.0448   0.03167 0.0009831   0.07746        23       640    0.5872    0.9194    0.9008    0.5222   0.03961   0.04746   0.00144
     9/299     4.32G   0.04401   0.03126  0.000929   0.07619        10       640    0.6706    0.9126    0.9059    0.5146   0.04014   0.04742  0.001245
    10/299     4.32G   0.04393   0.03114 0.0009853   0.07606         7       640     0.625    0.9226    0.9085    0.5323   0.03917   0.04687  0.001362
    11/299     4.32G   0.04377   0.03098 0.0008636   0.07562         3       640    0.5743    0.9327    0.9129     0.529   0.03922   0.04723  0.001302
    12/299     4.32G   0.04338   0.03112 0.0009185   0.07542         1       640    0.6209    0.9248    0.9134    0.5299   0.03921   0.04717  0.001393
    13/299     4.32G    0.0434   0.03095 0.0008916   0.07525         2       640    0.6078    0.9218     0.911     0.523    0.0397   0.04746  0.001425
    14/299     4.32G   0.04292    0.0309 0.0007558   0.07457        18       640    0.6496    0.9274    0.9193    0.5398   0.03863   0.04715  0.001253
    15/299     4.32G    0.0429    0.0308 0.0007342   0.07443         3       640    0.6315    0.9237    0.9112    0.5323   0.03915   0.04685  0.001481
    16/299     4.32G   0.04269   0.03099 0.0007097   0.07439         5       640    0.6434    0.9255    0.9155    0.5426   0.03857   0.04644  0.001254
    17/299     4.32G   0.04248   0.03102 0.0007103   0.07421        20       640    0.6511     0.926    0.9163    0.5477   0.03842   0.04637  0.001394
    18/299     4.32G   0.04239   0.03048  0.000797   0.07367        13       640    0.6491    0.9293    0.9197    0.5478   0.03839   0.04695  0.001341
    19/299     4.32G   0.04222   0.03041 0.0006826   0.07332        36       640    0.6792    0.9214    0.9162    0.5409   0.03829    0.0466  0.001529
    20/299     4.32G   0.04197   0.02979 0.0006982   0.07245        10       640    0.6139    0.9321    0.9196    0.5468   0.03809   0.04677   0.00164
    21/299     4.32G   0.04194   0.02998 0.0006662   0.07258         1       640    0.6844    0.9286    0.9219    0.5494   0.03828   0.04675  0.001225
    22/299     4.32G   0.04184   0.03017 0.0005702   0.07258         2       640      0.65    0.9324    0.9228    0.5473   0.03848   0.04678  0.001335
    23/299     4.32G   0.04172   0.02975 0.0006374   0.07211        67       640    0.6611      0.93    0.9213    0.5498   0.03795   0.04643  0.001335
    24/299     4.32G   0.04143   0.02992 0.0005241   0.07188         0       640    0.6558    0.9296    0.9224    0.5531   0.03786   0.04598  0.001357
    25/299     4.32G   0.04134   0.02973 0.0005313    0.0716         3       640    0.6462    0.9209    0.9148    0.5445   0.03855   0.04736  0.001575
    26/299     4.32G    0.0413   0.02998 0.0006518   0.07192        15       640    0.6801    0.9251    0.9199    0.5496   0.03782   0.04662  0.001298
    27/299     4.32G   0.04121   0.02983 0.0005304   0.07157         1       640    0.7063    0.9211    0.9195    0.5535   0.03818   0.04681  0.001379
    28/299     4.32G   0.04107   0.02995 0.0004902    0.0715         4       640    0.6876    0.9304    0.9248    0.5535   0.03791   0.04632   0.00125
    29/299     4.32G   0.04101   0.02923 0.0004992   0.07074         5       640    0.6945    0.9238    0.9212    0.5556   0.03778   0.04613  0.001486
    30/299     4.32G    0.0408   0.02929 0.0004817   0.07057         3       640    0.6908    0.9321    0.9263    0.5596   0.03746   0.04579   0.00117
    31/299     4.32G   0.04113   0.02934 0.0005302     0.071        60       640    0.6646    0.9317    0.9228    0.5532    0.0378   0.04614  0.001435
    32/299     4.32G   0.04096    0.0297 0.0004662   0.07113        22       640      0.69    0.9312    0.9266     0.559   0.03761   0.04626  0.001361
    33/299     4.32G   0.04075   0.02959 0.0004425   0.07078         1       640    0.6689    0.9339    0.9238    0.5588   0.03753   0.04588   0.00119
    34/299     4.32G   0.04065   0.02954 0.0004555   0.07065        63       640    0.6867    0.9314     0.925    0.5591   0.03773   0.04643  0.001315
    35/299     4.32G   0.04061   0.02938 0.0004982   0.07049        20       640    0.6739    0.9347    0.9264    0.5633   0.03744   0.04598  0.001242
    36/299     4.32G   0.04053   0.02932 0.0004848   0.07034         6       640    0.6569    0.9291    0.9229    0.5559   0.03781   0.04683  0.001489
    37/299     4.32G   0.04059   0.02914 0.0004714    0.0702        10       640    0.6912    0.9301     0.925      0.56   0.03745   0.04625  0.001251
    38/299     4.32G   0.04056   0.02988 0.0005525     0.071         6       640     0.672    0.9325     0.925     0.556   0.03777   0.04655  0.001371
    39/299     4.32G    0.0405   0.02943 0.0004296   0.07036         5       640    0.7204    0.9238    0.9238    0.5608   0.03758   0.04618  0.001396
    40/299     4.32G   0.04042   0.02918 0.0004459   0.07005         8       640    0.6835    0.9376    0.9296    0.5675   0.03729   0.04597  0.001049
    41/299     4.32G   0.04001   0.02914 0.0004563    0.0696         2       640    0.6996    0.9274    0.9248    0.5615   0.03751   0.04609  0.001324
    42/299     4.32G   0.03998   0.02888 0.0004461   0.06931         1       640    0.7006    0.9284    0.9236    0.5604   0.03756   0.04632  0.001315
    43/299     4.32G   0.04023   0.02886 0.0004881   0.06958        24       640    0.6785    0.9348    0.9297    0.5675   0.03738   0.04602  0.001184
    44/299     4.32G   0.04015   0.02903 0.0005032   0.06968        28       640    0.7152    0.9282    0.9255    0.5668   0.03718   0.04584   0.00123
    45/299     4.32G   0.04005   0.02897 0.0004703   0.06949        14       640    0.6892     0.933    0.9281    0.5622   0.03736   0.04598  0.001108
    46/299     4.32G   0.04016    0.0292 0.0004204   0.06978        13       640     0.696    0.9349    0.9296    0.5671   0.03704   0.04578  0.001412
    47/299     4.32G   0.04023   0.02929 0.0004732      0.07         7       640    0.7034    0.9294    0.9254    0.5646   0.03727   0.04574  0.001258
    48/299     4.32G   0.03991   0.02889 0.0004115   0.06921         1       640    0.7011    0.9335    0.9293    0.5707   0.03704   0.04606  0.001471
    49/299     4.32G   0.04012   0.02867 0.0004287   0.06922        30       640    0.7244    0.9295    0.9282    0.5696   0.03709    0.0459  0.001299
    50/299     4.32G   0.03995   0.02911 0.0003761   0.06943         5       640    0.7014     0.931    0.9282    0.5673   0.03706   0.04599  0.001586
    51/299     4.32G   0.03991   0.02868 0.0004321   0.06902         3       640    0.6948    0.9351    0.9305    0.5688   0.03721   0.04592  0.001257
    52/299     4.32G   0.03978    0.0286  0.000493   0.06887        65       640    0.7006    0.9343    0.9283    0.5682   0.03705   0.04568  0.001152
    53/299     4.32G   0.03988   0.02878  0.000437    0.0691         4       640    0.7017    0.9347    0.9295    0.5682   0.03716    0.0458   0.00119
    54/299     4.32G   0.03952   0.02865 0.0003876   0.06855        57       640    0.6996    0.9322    0.9278    0.5669   0.03713   0.04594  0.001128
    55/299     4.32G   0.03966   0.02882 0.0004342   0.06891         1       640    0.6833    0.9373    0.9307    0.5724   0.03696   0.04569   0.00144
    56/299     4.32G   0.03976   0.02888  0.000398   0.06904         1       640    0.7098    0.9337     0.928    0.5717   0.03681   0.04542  0.001305
    57/299     4.32G   0.03962   0.02839 0.0004497   0.06847        37       640    0.6925    0.9326    0.9282    0.5708   0.03681   0.04572  0.001391
    58/299     4.32G   0.03967   0.02852 0.0004558   0.06865        13       640    0.7269    0.9334    0.9286    0.5728   0.03681    0.0455  0.001252
    59/299     4.32G   0.03973   0.02883 0.0004299   0.06899        17       640     0.699    0.9341    0.9298    0.5717    0.0368   0.04558  0.001124
    60/299     4.32G   0.03949   0.02893 0.0003403   0.06876         2       640    0.7062    0.9358    0.9307    0.5721   0.03676   0.04517  0.001202
    61/299     4.32G   0.03945   0.02847 0.0003473   0.06826        53       640    0.7224    0.9315    0.9311    0.5729   0.03675   0.04574  0.001203
    62/299     4.32G   0.03937   0.02806 0.0003698    0.0678         5       640    0.7081     0.937    0.9325    0.5729   0.03675   0.04566  0.001122
    63/299     4.32G    0.0396   0.02881 0.0004033   0.06881        10       640    0.7119    0.9355    0.9321    0.5718   0.03689   0.04559  0.001361
    64/299     4.32G   0.03927   0.02843 0.0003733   0.06807        30       640    0.7071    0.9327    0.9281    0.5687   0.03697   0.04572  0.001434
    65/299     4.32G   0.03919   0.02814 0.0003678    0.0677        11       640    0.6914    0.9386    0.9319    0.5745   0.03673    0.0454  0.001059
    66/299     4.32G    0.0391    0.0288 0.0003249   0.06822         3       640    0.7161    0.9349    0.9318    0.5736   0.03665   0.04541  0.001126
    67/299     4.32G   0.03899   0.02803 0.0003422   0.06737         4       640    0.7098    0.9378     0.933    0.5756   0.03674   0.04555   0.00118
    68/299     4.32G   0.03905   0.02805 0.0003568   0.06746         6       640    0.7023    0.9381    0.9317    0.5746   0.03663   0.04558  0.001223
    69/299     4.32G   0.03931   0.02835 0.0002935   0.06796        53       640    0.7018    0.9347    0.9296    0.5763   0.03651   0.04564   0.00136
    70/299     4.32G   0.03932   0.02865 0.0003268    0.0683         6       640      0.71     0.937    0.9322    0.5754   0.03662   0.04566  0.001154
    71/299     4.32G   0.03901   0.02804 0.0003625   0.06742         5       640    0.7037    0.9384    0.9332    0.5754   0.03663   0.04567  0.001289
    72/299     4.32G    0.0393   0.02846 0.0003271   0.06808        16       640    0.7167    0.9362    0.9337    0.5749   0.03662   0.04562   0.00109
    73/299     4.32G   0.03886   0.02825  0.000354   0.06747        74       640    0.7246    0.9367    0.9333    0.5753   0.03667   0.04544  0.001068
    74/299     4.32G   0.03934   0.02811 0.0003664   0.06782        34       640    0.7117    0.9412    0.9353    0.5756   0.03658   0.04543  0.001168
    75/299     4.32G   0.03902   0.02778 0.0003182   0.06712         1       640    0.7192    0.9355    0.9339     0.578   0.03644   0.04551  0.001272
    76/299     4.32G   0.03916   0.02805  0.000341   0.06755        15       640    0.7249    0.9359    0.9346    0.5782   0.03646   0.04559  0.001074
    77/299     4.32G   0.03904   0.02843 0.0003417   0.06781        98       640    0.7077    0.9399    0.9335    0.5774   0.03636   0.04531  0.001184
    78/299     4.32G    0.0386   0.02779  0.000311    0.0667        16       640    0.7131    0.9372    0.9327     0.576   0.03657    0.0454  0.001225
    79/299     4.32G   0.03879   0.02801 0.0004024    0.0672         1       640    0.7207     0.938    0.9338     0.578   0.03629   0.04536  0.001272
    80/299     4.32G   0.03871   0.02769 0.0003981   0.06679         5       640    0.7279    0.9423    0.9361     0.578   0.03632   0.04528  0.001159
    81/299     4.32G   0.03876   0.02817  0.000389   0.06732         9       640    0.7143    0.9406    0.9347    0.5794   0.03629    0.0452  0.001108
    82/299     4.32G   0.03875   0.02818 0.0003263   0.06726        30       640    0.7188    0.9382    0.9344    0.5785   0.03637   0.04537   0.00134
    83/299     4.32G    0.0388   0.02813 0.0003175   0.06725        34       640    0.7213    0.9371     0.933    0.5786   0.03638    0.0453  0.001347
    84/299     4.32G   0.03869   0.02787 0.0003429    0.0669         2       640    0.7165    0.9399    0.9347    0.5805   0.03634   0.04531  0.001352
    85/299     4.32G   0.03891   0.02774 0.0003384   0.06699         8       640    0.7145    0.9403    0.9351    0.5779   0.03649   0.04528  0.001205
    86/299     4.32G   0.03847   0.02787 0.0003039   0.06665         7       640    0.7252    0.9385    0.9339    0.5775   0.03644    0.0454  0.001214
    87/299     4.32G   0.03863   0.02823 0.0003692   0.06723        11       640    0.7256    0.9368    0.9335    0.5789   0.03634   0.04552  0.001158
    88/299     4.32G   0.03864   0.02792 0.0003156   0.06688        20       640     0.723    0.9362    0.9332     0.577   0.03637   0.04533  0.001339
    89/299     4.32G    0.0384   0.02775 0.0003258   0.06647         2       640    0.7314    0.9348    0.9333    0.5769   0.03636    0.0454  0.001362
    90/299     4.32G   0.03855   0.02736 0.0003037   0.06622        47       640    0.7212     0.939    0.9346    0.5784   0.03623   0.04539  0.001304
    91/299     4.32G    0.0385    0.0277 0.0003288   0.06653        57       640    0.7192    0.9389     0.934    0.5785   0.03626   0.04541  0.001148
    92/299     4.32G   0.03838   0.02735 0.0003355   0.06607         1       640    0.7268    0.9388    0.9347    0.5799   0.03621   0.04541   0.00118
    93/299     4.32G   0.03826   0.02758 0.0002643   0.06611        85       640    0.7352      0.94    0.9361    0.5798   0.03618    0.0454  0.001161
    94/299     4.32G   0.03839   0.02758 0.0003209   0.06629        33       640    0.7289    0.9399    0.9354     0.582   0.03616   0.04542  0.001312
    95/299     4.32G   0.03847     0.028 0.0002409   0.06671        25       640    0.7333    0.9391    0.9362     0.582   0.03611   0.04543  0.001287
    96/299     4.32G   0.03846   0.02782 0.0003677   0.06665         7       640    0.7301    0.9376    0.9355    0.5819   0.03614   0.04539  0.001255
    97/299     4.32G   0.03824   0.02727 0.0002612   0.06577         1       640    0.7337    0.9373    0.9348    0.5819    0.0362   0.04546  0.001196
    98/299     4.32G   0.03859     0.028  0.000515    0.0671         4       640    0.7367    0.9361    0.9352    0.5809    0.0362   0.04539  0.001201
    99/299     4.32G   0.03819   0.02751 0.0004006    0.0661         3       640    0.7315     0.937     0.935    0.5792    0.0362   0.04541  0.001298
   100/299     4.32G   0.03843   0.02771 0.0003557    0.0665        22       640    0.7236    0.9398    0.9359    0.5803   0.03616   0.04537  0.001267
   101/299     4.32G   0.03815   0.02746 0.0002616   0.06588        19       640    0.7236    0.9413    0.9356    0.5805   0.03616   0.04539  0.001299
   102/299     4.32G   0.03784   0.02719 0.0003445   0.06538        53       640    0.7239     0.939    0.9345    0.5813   0.03615   0.04531  0.001361
   103/299     4.32G   0.03815   0.02729 0.0002474   0.06569        20       640    0.7254    0.9392    0.9345    0.5817   0.03617   0.04538  0.001266
   104/299     4.32G   0.03799   0.02749 0.0002798   0.06575         4       640    0.7269    0.9382    0.9353    0.5827   0.03614   0.04536  0.001241
   105/299     4.32G     0.038   0.02726  0.000247   0.06551         4       640    0.7275    0.9373    0.9346    0.5821   0.03615   0.04542  0.001163
   106/299     4.32G   0.03796   0.02733 0.0002694   0.06556        60       640    0.7256    0.9391    0.9343     0.582   0.03614   0.04559  0.001173
   107/299     4.32G   0.03784   0.02746 0.0002811   0.06557        22       640    0.7282    0.9377    0.9347    0.5818   0.03615   0.04556  0.001122
   108/299     4.32G   0.03768    0.0266 0.0002282    0.0645        10       640      0.73    0.9366    0.9337    0.5811   0.03615   0.04559  0.001162
   109/299     4.32G    0.0378   0.02718 0.0002706   0.06525         6       640    0.7293    0.9373    0.9341    0.5816   0.03613   0.04551  0.001163
   110/299     4.32G   0.03778   0.02721 0.0002585   0.06525        11       640    0.7302    0.9379    0.9352    0.5817   0.03614   0.04548  0.001143
   111/299     4.32G    0.0378   0.02701 0.0002465   0.06505        10       640    0.7264    0.9392    0.9356    0.5812   0.03615   0.04552  0.001147
   112/299     4.32G   0.03788   0.02749 0.0003019   0.06567         1       640    0.7258    0.9406    0.9349    0.5806   0.03615   0.04552  0.001161
   113/299     4.32G   0.03778    0.0271 0.0003327   0.06521         2       640    0.7241    0.9407    0.9349    0.5797   0.03619   0.04556  0.001279
   114/299     4.32G    0.0377   0.02674 0.0002863   0.06473         3       640     0.725    0.9395    0.9353    0.5796    0.0362   0.04557  0.001293
   115/299     4.32G   0.03732   0.02657 0.0002713   0.06416         2       640    0.7293    0.9386    0.9348    0.5799    0.0362   0.04556  0.001371
   116/299     4.32G   0.03772   0.02704  0.000233   0.06499        13       640    0.7309    0.9384     0.935     0.581   0.03615   0.04555  0.001337
   117/299     4.32G    0.0377    0.0273 0.0002571   0.06525        50       640    0.7321    0.9398    0.9363    0.5816   0.03612   0.04556  0.001327
   118/299     4.32G   0.03759    0.0269 0.0002596   0.06475         9       640    0.7328    0.9387    0.9356    0.5817   0.03616    0.0456  0.001305
   119/299     4.32G    0.0376   0.02694 0.0002819   0.06482         9       640    0.7322    0.9394    0.9357    0.5826   0.03614   0.04557   0.00135
   120/299     4.32G   0.03751   0.02716 0.0002048   0.06487        13       640    0.7353    0.9381    0.9348    0.5828   0.03613   0.04557   0.00137
   121/299     4.32G   0.03747   0.02707 0.0002936   0.06483        22       640    0.7344    0.9379    0.9347    0.5812   0.03615   0.04561  0.001369
   122/299     4.32G   0.03746   0.02679 0.0003244   0.06457        65       640    0.7364    0.9386    0.9349    0.5815   0.03614   0.04563  0.001328
   123/299     4.32G   0.03744   0.02688 0.0002519   0.06457         3       640    0.7398    0.9393    0.9352    0.5809   0.03613   0.04562  0.001363
   124/299     4.32G   0.03722   0.02659 0.0002181   0.06403         4       640    0.7404    0.9402    0.9351    0.5807   0.03614   0.04563  0.001366
   125/299     4.32G   0.03721   0.02674 0.0002318   0.06419        17       640    0.7378    0.9399    0.9349    0.5809   0.03614    0.0456  0.001383
   126/299     4.32G    0.0371   0.02684 0.0002566    0.0642         6       640    0.7348    0.9404    0.9352    0.5816   0.03611   0.04554  0.001362
   127/299     4.32G    0.0372    0.0267 0.0002844   0.06419        16       640    0.7321    0.9413    0.9364    0.5828   0.03606   0.04556   0.00137
   128/299     4.32G   0.03709   0.02737  0.000236   0.06469        68       640    0.7334    0.9404    0.9361    0.5822   0.03602   0.04553  0.001354
   129/299     4.32G   0.03725   0.02665 0.0002378   0.06414         8       640    0.7391    0.9414    0.9365     0.583   0.03602   0.04555   0.00137
   130/299     4.32G     0.037   0.02642 0.0002269   0.06365         7       640    0.7371    0.9422    0.9368    0.5834   0.03603   0.04558   0.00136
   131/299     4.32G   0.03692   0.02672 0.0002034   0.06384        13       640    0.7374     0.941    0.9374     0.583   0.03605   0.04562  0.001338
   132/299     4.32G   0.03686   0.02641 0.0002586   0.06353         3       640     0.737    0.9407    0.9363    0.5825   0.03606   0.04565  0.001321
   133/299     4.32G   0.03693   0.02674 0.0002343    0.0639        36       640    0.7368    0.9408    0.9357    0.5824   0.03607   0.04569  0.001324
   134/299     4.32G   0.03665   0.02617 0.0002006   0.06302        11       640    0.7379    0.9408    0.9356    0.5827   0.03608    0.0457  0.001335
   135/299     4.32G   0.03691   0.02651 0.0002077   0.06363         3       640     0.738    0.9397    0.9356    0.5833   0.03607   0.04571  0.001333
   136/299     4.32G   0.03697   0.02655 0.0002648   0.06378         7       640    0.7383    0.9401    0.9356    0.5837   0.03607   0.04572  0.001332
   137/299     4.32G   0.03702   0.02655 0.0002379    0.0638        42       640    0.7395    0.9397    0.9356    0.5838   0.03605   0.04571  0.001295
   138/299     4.32G   0.03681   0.02628 0.0002438   0.06334         4       640    0.7404    0.9397    0.9353    0.5842   0.03605   0.04572  0.001279
   139/299     4.32G   0.03676   0.02618 0.0002247   0.06316        11       640    0.7401    0.9396    0.9355    0.5837   0.03604   0.04575  0.001281
   140/299     4.32G   0.03659   0.02629 0.0002363   0.06312        13       640    0.7395    0.9388    0.9354    0.5835   0.03604   0.04577  0.001271
   141/299     4.32G   0.03672   0.02605 0.0002683   0.06304         2       640    0.7409    0.9392    0.9357    0.5836   0.03603   0.04577  0.001274
   142/299     4.32G   0.03673   0.02656 0.0002306   0.06352        69       640     0.739    0.9409    0.9358    0.5837   0.03602   0.04578  0.001266
   143/299     4.32G   0.03673   0.02599 0.0002079   0.06293        66       640    0.7391    0.9403    0.9355    0.5834   0.03601   0.04578  0.001269
   144/299     4.32G   0.03685   0.02613 0.0003291   0.06331         4       640    0.7379    0.9406    0.9357    0.5839     0.036   0.04576  0.001259
   145/299     4.32G   0.03647   0.02611 0.0002027   0.06278        23       640    0.7372     0.941    0.9358    0.5838     0.036   0.04578  0.001253
   146/299     4.32G   0.03655   0.02636 0.0001789   0.06308        11       640    0.7355    0.9408    0.9353    0.5832   0.03602   0.04578  0.001257
   147/299     4.32G    0.0366   0.02587  0.000197   0.06266         3       640     0.737    0.9403    0.9354    0.5826   0.03603   0.04579  0.001254
   148/299     4.32G   0.03629   0.02559 0.0001861   0.06206        24       640     0.736    0.9398    0.9357    0.5825   0.03604   0.04582  0.001249
   149/299     4.32G   0.03632   0.02605 0.0001848   0.06256        11       640    0.7373    0.9401    0.9358    0.5824   0.03605   0.04585  0.001233
   150/299     4.32G   0.03622   0.02623 0.0002175   0.06267        13       640    0.7391    0.9379    0.9335    0.5823   0.03605   0.04587  0.001221
   151/299     4.32G   0.03637   0.02608 0.0002001   0.06265        88       640    0.7375    0.9381    0.9327    0.5821   0.03605   0.04588  0.001215
   152/299     4.32G   0.03629    0.0257 0.0001856   0.06217        80       640    0.7375    0.9373    0.9322     0.582   0.03605   0.04588  0.001214
   153/299     4.32G   0.03618   0.02593 0.0001979   0.06231         3       640    0.7371    0.9376    0.9324    0.5819   0.03607    0.0459  0.001208
   154/299     4.32G   0.03616   0.02599 0.0002118   0.06236         7       640    0.7369    0.9376    0.9324    0.5817   0.03607    0.0459  0.001193
   155/299     4.32G   0.03608   0.02582 0.0001694   0.06207        34       640     0.737    0.9379    0.9325    0.5817   0.03607   0.04591   0.00119
   156/299     4.32G   0.03614   0.02574 0.0001861   0.06206        13       640    0.7375    0.9383    0.9331    0.5818   0.03607   0.04593  0.001186
   157/299     4.32G   0.03586   0.02568 0.0002426   0.06178        66       640    0.7377    0.9383    0.9328    0.5817   0.03608   0.04593  0.001195
   158/299     4.32G   0.03603   0.02584 0.0002904   0.06216        75       640    0.7365    0.9385    0.9325    0.5817   0.03608   0.04596  0.001201
   159/299     4.32G    0.0362   0.02587 0.0002724   0.06235        16       640    0.7381    0.9396    0.9334     0.582   0.03607   0.04594  0.001194
   160/299     4.32G   0.03614   0.02588 0.0001889    0.0622        12       640    0.7382    0.9398    0.9339    0.5825   0.03606   0.04594  0.001194
   161/299     4.32G   0.03586    0.0257 0.0002065   0.06177        41       640    0.7388      0.94    0.9332    0.5828   0.03606   0.04595  0.001192
   162/299     4.32G   0.03589   0.02556 0.0002002   0.06165         1       640    0.7378    0.9404    0.9329    0.5829   0.03606   0.04595   0.00119
   163/299     4.32G   0.03575   0.02566 0.0001845   0.06159         7       640    0.7391    0.9399    0.9335    0.5834   0.03605   0.04596  0.001195
   164/299     4.32G   0.03575   0.02559  0.000208   0.06155        65       640    0.7395    0.9398    0.9328    0.5838   0.03605   0.04597  0.001194
   165/299     4.32G   0.03574    0.0255 0.0001713   0.06141         2       640    0.7404    0.9399    0.9326    0.5836   0.03605   0.04597  0.001192
   166/299     4.32G   0.03561   0.02539 0.0002142   0.06121        10       640    0.7403    0.9401    0.9333    0.5835   0.03605   0.04598  0.001191
   167/299     4.32G   0.03594   0.02543 0.0001681   0.06153         2       640    0.7411      0.94    0.9327    0.5835   0.03604   0.04598  0.001197
   168/299     4.32G   0.03564   0.02562  0.000168   0.06143         8       640    0.7414    0.9397    0.9326    0.5832   0.03604     0.046  0.001202
   169/299     4.32G   0.03562   0.02536 0.0001774   0.06116         1       640    0.7411      0.94    0.9325    0.5831   0.03604   0.04601  0.001208
   170/299     4.32G   0.03557    0.0255 0.0001748   0.06125        18       640    0.7415      0.94    0.9324    0.5831   0.03605   0.04603  0.001214
   171/299     4.32G   0.03544   0.02536 0.0001983     0.061         7       640    0.7425      0.94    0.9322    0.5832   0.03604   0.04605  0.001219
   172/299     4.32G   0.03571   0.02567   0.00017   0.06155        31       640    0.7429    0.9399    0.9323    0.5833   0.03604   0.04604  0.001232
   173/299     4.32G   0.03551   0.02519  0.000189   0.06089        58       640    0.7418    0.9395    0.9323    0.5831   0.03604   0.04606   0.00124
   174/299     4.32G   0.03533   0.02533 0.0001589   0.06083         4       640    0.7426    0.9401    0.9324    0.5829   0.03604   0.04606  0.001245
   175/299     4.32G   0.03513   0.02494 0.0001481   0.06022        10       640    0.7425    0.9401    0.9323     0.583   0.03604   0.04608  0.001249
   176/299     4.32G   0.03508   0.02503 0.0002761   0.06038         2       640    0.7423    0.9401    0.9322    0.5825   0.03604   0.04608   0.00125
   177/299     4.32G   0.03526    0.0251 0.0001503   0.06051        27       640     0.743      0.94    0.9321    0.5829   0.03604   0.04609  0.001251
   178/299     4.32G   0.03495   0.02497 0.0001851   0.06011         1       640     0.744    0.9401    0.9321    0.5827   0.03604   0.04612  0.001252
   179/299     4.32G   0.03528     0.025 0.0001536   0.06044        21       640    0.7457    0.9402    0.9323    0.5827   0.03604   0.04613  0.001256
   180/299     4.32G     0.035   0.02515  0.000159   0.06031         5       640    0.7456    0.9401    0.9323    0.5826   0.03604   0.04614  0.001255
   181/299     4.32G   0.03494   0.02467 0.0001542   0.05977        77       640    0.7456    0.9401    0.9322    0.5826   0.03604   0.04614  0.001248
   182/299     4.32G   0.03521   0.02481 0.0001393   0.06016        26       640     0.744    0.9399    0.9321    0.5825   0.03604   0.04615   0.00125
   183/299     4.32G   0.03497   0.02503 0.0001591   0.06016         3       640     0.745    0.9395    0.9315    0.5824   0.03604   0.04617  0.001244
   184/299     4.32G   0.03479   0.02476 0.0001644   0.05972         1       640    0.7461    0.9396    0.9316    0.5824   0.03604   0.04616  0.001245
   185/299     4.32G   0.03478   0.02478 0.0001711   0.05973         3       640    0.7464    0.9394    0.9315    0.5824   0.03604   0.04618  0.001246
   186/299     4.32G   0.03484     0.025 0.0001641      0.06         3       640    0.7483    0.9391    0.9315    0.5821   0.03604   0.04619  0.001245
   187/299     4.32G   0.03465   0.02467 0.0001618   0.05948         6       640    0.7485    0.9391    0.9314    0.5823   0.03605   0.04621  0.001243
   188/299     4.32G   0.03476   0.02488  0.000161    0.0598         1       640    0.7477    0.9389    0.9313    0.5822   0.03605   0.04622  0.001244
   189/299     4.32G   0.03479   0.02446 0.0001476    0.0594        38       640    0.7475    0.9389    0.9312     0.582   0.03605   0.04623  0.001245
   190/299     4.32G   0.03461   0.02472 0.0001368   0.05947         4       640    0.7477     0.939    0.9311    0.5818   0.03605   0.04625  0.001246
   191/299     4.32G   0.03441   0.02417 0.0001469   0.05873        39       640    0.7476    0.9389    0.9311    0.5818   0.03605   0.04625  0.001244
   192/299     4.32G   0.03437   0.02467 0.0001468   0.05918         6       640    0.7475    0.9387    0.9312    0.5818   0.03605   0.04627  0.001244
   193/299     4.32G   0.03438   0.02464 0.0001466   0.05916        43       640    0.7474    0.9388    0.9312    0.5816   0.03606   0.04628  0.001244
   194/299     4.32G   0.03436   0.02411 0.0001625   0.05862         3       640    0.7471    0.9388    0.9312    0.5814   0.03606   0.04629  0.001243
   195/299     4.32G   0.03436   0.02457 0.0001521   0.05908        45       640    0.7474    0.9387    0.9312    0.5818   0.03606   0.04631  0.001242
   196/299     4.32G   0.03457   0.02437 0.0001555   0.05909         8       640     0.748    0.9386    0.9311    0.5816   0.03607   0.04633  0.001238
   197/299     4.32G   0.03426   0.02469 0.0001368   0.05909        16       640    0.7485    0.9386    0.9311    0.5815   0.03607   0.04634  0.001238
   198/299     4.32G   0.03435   0.02389 0.0001451   0.05839        13       640     0.749    0.9388    0.9313    0.5815   0.03608   0.04635  0.001236
   199/299     4.32G   0.03401   0.02429 0.0001409   0.05844        38       640    0.7495    0.9388    0.9314    0.5814   0.03608   0.04637  0.001237
   200/299     4.32G   0.03399   0.02407 0.0001459   0.05821         5       640    0.7505    0.9389    0.9314    0.5811   0.03609   0.04638   0.00124
   201/299     4.32G   0.03405   0.02428 0.0001271   0.05845        19       640    0.7499    0.9384     0.931     0.581   0.03609   0.04638  0.001242
   202/299     4.32G   0.03406   0.02436 0.0001355   0.05855         9       640      0.75    0.9384     0.931    0.5809    0.0361   0.04641  0.001244
   203/299     4.32G   0.03397    0.0241 0.0001566   0.05823         3       640    0.7506    0.9384     0.931    0.5807    0.0361   0.04641  0.001246
   204/299     4.32G   0.03396   0.02419 0.0001368   0.05829        16       640    0.7512    0.9385     0.931    0.5808    0.0361   0.04643  0.001251
   205/299     4.32G   0.03389    0.0242 0.0001253   0.05822         7       640    0.7518    0.9385     0.931    0.5807    0.0361   0.04644  0.001255
   206/299     4.32G    0.0341   0.02415 0.0001415   0.05839         7       640    0.7517    0.9382    0.9312    0.5806   0.03611   0.04644  0.001258
   207/299     4.32G   0.03374   0.02415 0.0001233   0.05801         9       640    0.7517    0.9379    0.9313    0.5805   0.03611   0.04645  0.001257
   208/299     4.32G   0.03386   0.02382 0.0001226   0.05781         4       640    0.7517    0.9378    0.9312    0.5803   0.03611   0.04646  0.001259
   209/299     4.32G   0.03383   0.02374 0.0001185   0.05768         7       640    0.7512    0.9375    0.9313    0.5802   0.03612   0.04648   0.00126
   210/299     4.32G   0.03377   0.02382  0.000133   0.05772         2       640    0.7512    0.9374    0.9312    0.5803   0.03612   0.04648  0.001264
   211/299     4.32G   0.03361   0.02378 0.0001345   0.05752        23       640    0.7507    0.9374     0.931    0.5801   0.03612   0.04649  0.001267
   212/299     4.32G   0.03361   0.02406 0.0001105   0.05778        10       640    0.7505    0.9371     0.931    0.5798   0.03612    0.0465   0.00127
   213/299     4.32G   0.03379   0.02386   0.00013   0.05779         5       640    0.7505    0.9371     0.931      0.58   0.03612   0.04651  0.001273
   214/299     4.32G   0.03351   0.02349 0.0001192   0.05712        13       640     0.751    0.9371     0.931    0.5798   0.03613   0.04653  0.001275
   215/299     4.32G   0.03359   0.02365 0.0001357   0.05738        20       640     0.751     0.937     0.931    0.5799   0.03613   0.04653  0.001279
   216/299     4.32G   0.03342   0.02398  0.000196    0.0576        23       640    0.7513     0.937     0.931      0.58   0.03613   0.04655  0.001283
   217/299     4.32G   0.03358   0.02351 0.0001231   0.05721         1       640    0.7518    0.9371     0.931    0.5798   0.03613   0.04656  0.001286
   218/299     4.32G   0.03354   0.02375  0.000119    0.0574        11       640    0.7525     0.937     0.931    0.5798   0.03613   0.04657  0.001288
   219/299     4.32G   0.03355   0.02345 0.0001183   0.05711         8       640    0.7523    0.9367    0.9308    0.5797   0.03614   0.04658   0.00129
   220/299     4.32G   0.03319   0.02349 0.0001371   0.05682        17       640    0.7527    0.9363    0.9308    0.5798   0.03614   0.04661  0.001293
   221/299     4.32G   0.03356    0.0236 0.0001199   0.05728        63       640    0.7533    0.9366    0.9308    0.5797   0.03614   0.04661  0.001296
   222/299     4.32G   0.03312   0.02321 0.0001044   0.05644         3       640    0.7535    0.9365    0.9308    0.5796   0.03614   0.04661    0.0013
   223/299     4.32G   0.03323   0.02354 0.0001078   0.05687         7       640    0.7544    0.9365    0.9308    0.5795   0.03615   0.04663  0.001303
   224/299     4.32G   0.03314   0.02286 0.0001143   0.05612         2       640    0.7546    0.9362    0.9307    0.5796   0.03615   0.04665  0.001303
   225/299     4.32G   0.03299   0.02307 0.0001144   0.05617         2       640    0.7549    0.9362    0.9307    0.5797   0.03615   0.04666  0.001304
   226/299     4.32G   0.03308   0.02344 0.0001151   0.05664         4       640    0.7545    0.9362    0.9307    0.5797   0.03616   0.04667  0.001306
   227/299     4.32G   0.03287   0.02307 0.0001295   0.05607        70       640    0.7544    0.9365    0.9306    0.5797   0.03616   0.04669  0.001307
   228/299     4.32G   0.03308   0.02279 0.0001205   0.05599         6       640    0.7548    0.9362    0.9305    0.5795   0.03616   0.04669  0.001309
   229/299     4.32G   0.03271   0.02311 0.0001051   0.05593         2       640    0.7553    0.9361    0.9305    0.5798   0.03617   0.04671  0.001312
   230/299     4.32G   0.03304   0.02343 0.0001114   0.05659         2       640    0.7559    0.9358    0.9305    0.5797   0.03617   0.04672  0.001314
   231/299     4.32G   0.03283   0.02322 0.0001171   0.05617        14       640    0.7563    0.9358    0.9305    0.5796   0.03617   0.04673  0.001317
   232/299     4.32G   0.03281    0.0229 0.0001102   0.05582        26       640    0.7567    0.9358    0.9305    0.5796   0.03618   0.04674  0.001321
   233/299     4.32G   0.03255   0.02294 9.106e-05   0.05558         1       640    0.7575    0.9358    0.9305    0.5797   0.03618   0.04677  0.001324
   234/299     4.32G   0.03247   0.02283 9.061e-05   0.05539        11       640    0.7578    0.9358    0.9307    0.5796   0.03618   0.04677  0.001326
   235/299     4.32G   0.03266   0.02281 0.0001034   0.05557         1       640    0.7582    0.9358    0.9306    0.5796   0.03618   0.04678  0.001328
   236/299     4.32G   0.03251    0.0223 0.0001066   0.05492        69       640    0.7585    0.9357    0.9305    0.5795   0.03619    0.0468  0.001329
   237/299     4.32G   0.03272   0.02288 0.0001186   0.05572         4       640    0.7586    0.9357    0.9305    0.5795   0.03619   0.04681   0.00133
   238/299     4.32G   0.03251   0.02292 0.0001084   0.05554        11       640    0.7591    0.9354    0.9304    0.5794   0.03619   0.04683  0.001332
   239/299     4.32G   0.03246   0.02302 9.425e-05   0.05557         9       640    0.7594    0.9354    0.9303    0.5794    0.0362   0.04684  0.001332
   240/299     4.32G   0.03258   0.02288 8.996e-05   0.05555        28       640    0.7593    0.9354    0.9302    0.5791    0.0362   0.04686  0.001333
   241/299     4.32G   0.03257   0.02296 0.0001025   0.05563        12       640    0.7596    0.9354    0.9302    0.5792    0.0362   0.04687  0.001335
   242/299     4.32G   0.03226   0.02278 0.0001009   0.05515         2       640    0.7602    0.9353    0.9302    0.5792   0.03621   0.04689  0.001336
   243/299     4.32G   0.03242    0.0226 0.0001137   0.05513        15       640    0.7607    0.9353    0.9302    0.5791   0.03621    0.0469  0.001338
   244/299     4.32G   0.03222   0.02216 0.0001123   0.05449        66       640    0.7609    0.9349    0.9302     0.579   0.03621   0.04691  0.001339
   245/299     4.32G    0.0326    0.0228 9.327e-05   0.05549         6       640    0.7618    0.9349    0.9302    0.5791   0.03621   0.04693   0.00134
   246/299     4.32G   0.03225   0.02275 8.844e-05   0.05508         3       640    0.7624     0.935    0.9302    0.5791   0.03622   0.04694  0.001341
   247/299     4.32G   0.03208     0.022 9.766e-05   0.05418        13       640    0.7629     0.935    0.9302     0.579   0.03622   0.04696  0.001342
   248/299     4.32G   0.03227   0.02242 9.106e-05   0.05477        13       640    0.7631    0.9345      0.93    0.5789   0.03622   0.04698  0.001344
   249/299     4.32G   0.03223   0.02229 0.0001025   0.05462         2       640    0.7637    0.9345      0.93    0.5789   0.03623   0.04699  0.001343
   250/299     4.32G   0.03226   0.02273 0.0001708   0.05516        35       640    0.7639    0.9345      0.93    0.5789   0.03623   0.04701  0.001343
   251/299     4.32G     0.032   0.02234 9.043e-05   0.05443        87       640    0.7638    0.9345    0.9301    0.5788   0.03623   0.04703  0.001343
   252/299     4.32G   0.03202   0.02217 0.0001073    0.0543        32       640    0.7642    0.9346    0.9301    0.5786   0.03623   0.04705  0.001344
   253/299     4.32G   0.03221   0.02266 0.0001022   0.05496         1       640    0.7645    0.9347    0.9301    0.5787   0.03623   0.04705  0.001344
   254/299     4.32G   0.03222   0.02247 8.855e-05   0.05478        18       640    0.7648    0.9346    0.9299    0.5787   0.03624   0.04707  0.001343
   255/299     4.32G   0.03193   0.02213 0.0001008   0.05416        63       640    0.7651    0.9346    0.9299    0.5784   0.03624   0.04708  0.001343
   256/299     4.32G   0.03173   0.02209 9.173e-05   0.05391         5       640    0.7652    0.9347    0.9299    0.5784   0.03624    0.0471  0.001343
   257/299     4.32G    0.0322   0.02255 8.941e-05   0.05484         2       640    0.7655    0.9347    0.9298    0.5781   0.03625   0.04711  0.001343
   258/299     4.32G   0.03176   0.02241 9.952e-05   0.05427         1       640     0.766    0.9346    0.9298    0.5781   0.03625   0.04712  0.001343
   259/299     4.32G   0.03175   0.02194 9.501e-05   0.05379         6       640    0.7657    0.9346    0.9297    0.5781   0.03625   0.04714  0.001343
   260/299     4.32G   0.03198    0.0223  0.000106   0.05438        70       640    0.7657    0.9345    0.9296    0.5779   0.03626   0.04716  0.001344
   261/299     4.32G   0.03167     0.022 9.521e-05   0.05376         1       640    0.7653    0.9339    0.9295    0.5778   0.03626   0.04718  0.001344
   262/299     4.32G   0.03181   0.02219 0.0001029    0.0541         4       640    0.7659    0.9339    0.9288    0.5777   0.03626    0.0472  0.001344
   263/299     4.32G   0.03171   0.02228 9.061e-05   0.05407        55       640     0.767    0.9338    0.9288    0.5775   0.03627   0.04722  0.001345
   264/299     4.32G   0.03176   0.02197 9.194e-05   0.05382         1       640    0.7668    0.9336    0.9287    0.5776   0.03627   0.04722  0.001345
   265/299     4.32G   0.03153   0.02186 9.343e-05   0.05349         2       640    0.7671    0.9333    0.9287    0.5777   0.03627   0.04724  0.001344
   266/299     4.32G   0.03171   0.02213 9.684e-05   0.05394         7       640     0.767    0.9333    0.9287    0.5775   0.03627   0.04726  0.001344
   267/299     4.32G   0.03174   0.02188 8.197e-05    0.0537        63       640    0.7668    0.9333    0.9287    0.5774   0.03628   0.04728  0.001344
   268/299     4.32G   0.03168   0.02181 8.093e-05   0.05356        33       640    0.7672     0.933    0.9287    0.5773   0.03628    0.0473  0.001344
   269/299     4.32G   0.03177   0.02195 0.0001215   0.05385        12       640    0.7679     0.933    0.9287    0.5773   0.03628   0.04732  0.001345
   270/299     4.32G   0.03168   0.02212 9.016e-05   0.05389         2       640     0.768     0.933    0.9286    0.5772   0.03629   0.04733  0.001348
   271/299     4.32G   0.03159   0.02189 7.349e-05   0.05355        46       640    0.7687     0.933    0.9287    0.5771   0.03629   0.04734  0.001349
   272/299     4.32G   0.03134   0.02202 8.448e-05   0.05345         8       640    0.7686    0.9329     0.928    0.5772   0.03629   0.04736   0.00135
   273/299     4.32G   0.03148   0.02177 0.0001062   0.05336        42       640    0.7684    0.9326     0.928    0.5771    0.0363   0.04738  0.001351
   274/299     4.32G   0.03167   0.02162 8.042e-05   0.05337        24       640    0.7682    0.9327    0.9279    0.5771    0.0363   0.04739  0.001353
   275/299     4.32G   0.03157   0.02171 8.079e-05   0.05336         3       640    0.7688     0.933    0.9279    0.5769    0.0363    0.0474  0.001354
   276/299     4.32G   0.03135   0.02155 8.964e-05     0.053        24       640    0.7687    0.9327    0.9278    0.5768   0.03631   0.04743  0.001355
   277/299     4.32G    0.0312   0.02136 9.156e-05   0.05265         2       640    0.7689    0.9325    0.9278    0.5769   0.03631   0.04745  0.001356
   278/299     4.32G   0.03138   0.02176 8.601e-05   0.05323         8       640     0.769    0.9323    0.9278    0.5769   0.03632   0.04746  0.001357
   279/299     4.32G    0.0316    0.0217 8.845e-05   0.05339         2       640    0.7691    0.9326    0.9278    0.5769   0.03632   0.04747  0.001358
   280/299     4.32G   0.03117   0.02161 7.331e-05   0.05286         3       640    0.7697    0.9326    0.9278    0.5768   0.03632    0.0475  0.001359
   281/299     4.32G    0.0314   0.02199  8.43e-05   0.05347        87       640    0.7702    0.9323    0.9278    0.5767   0.03633   0.04751  0.001361
   282/299     4.32G   0.03123   0.02181 8.446e-05   0.05313         3       640    0.7705    0.9324    0.9279    0.5767   0.03633   0.04753  0.001363
   283/299     4.32G    0.0316   0.02164 8.606e-05   0.05333         4       640    0.7706    0.9323    0.9278    0.5766   0.03633   0.04755  0.001365
   284/299     4.32G   0.03106   0.02151 9.138e-05   0.05266        22       640    0.7706    0.9323    0.9278    0.5764   0.03634   0.04757  0.001366
   285/299     4.32G   0.03106   0.02156 8.063e-05   0.05269         3       640    0.7705    0.9322    0.9277    0.5765   0.03634   0.04758  0.001368
   286/299     4.32G    0.0313   0.02136 8.492e-05   0.05274        24       640    0.7708    0.9322    0.9277    0.5763   0.03634   0.04762  0.001369
   287/299     4.32G   0.03123   0.02154  8.42e-05   0.05285        31       640     0.771    0.9321    0.9277    0.5763   0.03635   0.04762  0.001371
   288/299     4.32G   0.03116   0.02136 8.689e-05   0.05261         4       640    0.7716    0.9318    0.9277    0.5761   0.03635   0.04765  0.001372
   289/299     4.32G   0.03093   0.02127 7.716e-05   0.05227         3       640    0.7722    0.9319    0.9278    0.5761   0.03636   0.04767  0.001372
   290/299     4.32G    0.0309   0.02132     8e-05    0.0523         6       640    0.7724    0.9319    0.9276     0.576   0.03636   0.04769  0.001374
   291/299     4.32G   0.03096   0.02134 9.202e-05   0.05239         1       640    0.7728    0.9319    0.9276    0.5761   0.03636    0.0477  0.001375
   292/299     4.32G   0.03093    0.0214 8.676e-05   0.05242        30       640    0.7734    0.9319    0.9276    0.5763   0.03637   0.04771  0.001376
   293/299     4.32G   0.03108   0.02137 8.409e-05   0.05254         2       640    0.7737    0.9319    0.9276    0.5761   0.03637   0.04773  0.001377
   294/299     4.32G   0.03107   0.02129 8.092e-05   0.05244        32       640    0.7742    0.9318    0.9275    0.5758   0.03637   0.04776   0.00138
   295/299     4.32G   0.03091    0.0214  7.36e-05   0.05239        52       640    0.7741    0.9318    0.9276    0.5758   0.03638   0.04778  0.001382
   296/299     4.32G   0.03088   0.02088 8.221e-05   0.05184        80       640    0.7742    0.9315    0.9272    0.5756   0.03638   0.04779  0.001384
   297/299     4.32G   0.03091   0.02114 8.912e-05   0.05214         6       640    0.7744    0.9315    0.9273    0.5757   0.03639   0.04782  0.001386
   298/299     4.32G   0.03084   0.02136 9.119e-05   0.05229         2       640    0.7744    0.9314    0.9271    0.5754   0.03639   0.04784  0.001387
   299/299     4.32G   0.03081   0.02127 7.742e-05   0.05215        80       640    0.7746    0.9314    0.9271    0.5754    0.0364   0.04785  0.001388
